 0.092526257038 0.088612660766 0.078445397317 0.065418973565 0.052507810295 0.041300121695 0.032244361937 0.025164512917 0.019776044413 0.015672605485 
 0.088612660766 0.084979645908 0.075497932732 0.063256815076 0.051018536091 0.040306840092 0.031588990241 0.024731824175 0.019486797974 0.015476416796 
 0.078445397317 0.075497932732 0.067711777985 0.057454112917 0.046956516802 0.037557367235 0.029751820490 0.023506056517 0.018660323694 0.014911843464 
 0.065418973565 0.063256815076 0.057454112917 0.049599964172 0.041300121695 0.033626221120 0.027063874528 0.021677253768 0.017407162115 0.014044330455 
 0.052507810295 0.051018536091 0.046956516802 0.041300121695 0.035111248493 0.029179111123 0.023930756375 0.019489584491 0.015874998644 0.012964027002 
 0.041300121695 0.040306840092 0.037557367235 0.033626221120 0.029179111123 0.024761108682 0.020713316277 0.017175687477 0.014212615788 0.011766188778 
 0.032244361937 0.031588990241 0.029751820490 0.027063874528 0.023930756375 0.020713316277 0.017665298656 0.014915405773 0.012544230558 0.010535251349 
 0.025164512917 0.024731824175 0.023506056517 0.021677253768 0.019489584491 0.017175687477 0.014915405773 0.012814128771 0.010950451717 0.009330497123 
 0.019776044413 0.019486797974 0.018660323694 0.017407162115 0.015874998644 0.014212615788 0.012544230558 0.010950451717 0.009499542415 0.008207312785 
 0.015672605485 0.015476416796 0.014911843464 0.014044330455 0.012964027002 0.011766188778 0.010535251349 0.009330497123 0.008207312785 0.007184100803 
