 0.0925263 0.0886126 0.0784454 0.0654190 0.0525078 0.0413001 0.0322444 0.0251645 0.0197760 0.0156726 
 0.0886126 0.0925263 0.0886126 0.0784454 0.0654190 0.0525078 0.0413001 0.0322052 0.0251645 0.0197760 
 0.0784454 0.0886126 0.0925263 0.0886126 0.0784454 0.0654190 0.0525078 0.0412505 0.0322052 0.0251645 
 0.0654190 0.0784454 0.0886126 0.0925263 0.0886126 0.0784454 0.0654190 0.0524480 0.0412505 0.0322052 
 0.0525078 0.0654190 0.0784454 0.0886126 0.0925263 0.0886126 0.0784454 0.0653536 0.0524480 0.0412505 
 0.0413001 0.0525078 0.0654190 0.0784454 0.0886126 0.0925263 0.0886126 0.0783856 0.0653536 0.0524480 
 0.0322444 0.0413001 0.0525078 0.0654190 0.0784454 0.0886126 0.0925263 0.0885756 0.0783856 0.0653536 
 0.0251645 0.0322052 0.0412505 0.0524480 0.0653536 0.0783856 0.0885756 0.0925263 0.0886126 0.0784454 
 0.0197760 0.0251645 0.0322052 0.0412505 0.0524480 0.0653536 0.0783856 0.0886126 0.0925263 0.0886126 
 0.0156726 0.0197760 0.0251645 0.0322052 0.0412505 0.0524480 0.0653536 0.0784454 0.0886126 0.0925263 
